576.152 216.844
604.951 219.012
598.982 223.728
1191.6 224.879
504.764 243.153
451.182 252.793
491.541 253.234
679.17 255.747
534.459 259.006
669.717 259.454
641.679 263.659
1018.3 268.072
1025.22 267.938
536.659 271.183
1049.99 273.295
298.98 277.688
305.328 277.695
528.036 277.773
707.716 279.287
779.709 278.759
501.511 284.38
554.232 286.464
561.934 286.56
572.802 286.145
542.912 286.784
547.756 286.581
861.179 288.916
527.193 290.327
325.206 294.037
365.313 295.273
499.374 295.042
423.811 295.929
276.842 297.862
549.11 298.344
238.948 299.862
515.331 302.287
353.416 304.009
37.6734 304.928
74.7466 305.196
279.276 305.513
248.953 305.772
268.75 305.621
273.828 308.994
306.711 308.643
159.341 309.637
201.222 309.824
209.25 310.117
70.7189 309.13
290.223 312.565
350.323 312.978
651.162 318.272
83.28 319.442
3.17766 323.914
221.197 324.872
760.796 325.8
380.971 327.066
417.977 329.775
626.894 330.431
444.877 330.786
720.831 331.013
770.334 332.307
492.873 332.609
509.587 332.814
799.597 333.34
1070.59 334.139
1102.61 334.983
576.301 335.843
41.5552 336.98
15.79 337.864
587.457 339.305
824.264 338.663
686.438 339.69
711.24 341.135
478.773 341.535
764.116 343.263
892.695 344.002
652.934 344.947
661.641 347.049
1096.98 346.771
347.279 349.165
627.12 350.295
755.187 349.832
14.7797 350.962
732.603 350.935
831.864 351.145
764.077 352.074
330.071 352.444
376.449 355.057
930.932 355.257
527.571 357.253
456.059 358.036
770.586 358.033
986.694 358.036
636.426 359.444
811.067 359.475
1039.62 359.277
428.132 360.161
1005.51 359.598
1020.44 360.418
504.032 360.927
566.729 360.854
657.587 360.51
680.908 361.47
926.023 361.196
1028.34 360.427
1046.36 361.113
1157.32 361.316
399.412 361.605
601.408 363.19
728.137 364.137
622.5 364.718
640.268 365.853
851.017 366.487
866.266 365.792
303.405 367.37
1167.14 367.833
268.928 369.335
933.954 369.399
232.58 371.368
970.522 372.43
1119.1 371.623
304.464 373.523
194.15 373.714
565.937 373.573
577.562 374.087
557.138 375.151
1174.69 375.038
154.144 376.174
1116.44 376.451
505.156 376.833
814.01 376.621
111.647 378.029
380.919 378.214
1050.48 377.036
533.09 379.519
1087.9 378.732
1163.45 379.221
524.809 380.17
569.469 380.242
860.666 380.193
1066.11 380.086
1174.51 380.371
70.9193 380.612
608.904 381.27
45.2922 382.138
552.818 381.718
949.468 381.841
424.039 382.544
1138.97 382.875
283.09 384.096
461.227 383.465
468.99 384.002
313.756 385.117
1088.26 385.719
86.0903 386.817
292.306 387.018
465.003 388.425
752.902 389.45
777.698 389.074
1007.53 390.694
91.5308 389.047
207.585 389.918
267.845 390.141
99.0038 390.584
636.249 390.477
1032.83 391.543
298.958 391.527
343.593 392.756
412.45 392.909
613.829 392.845
380.22 395.7
91.6499 397.142
298.534 397.299
318.01 396.438
726.891 396.697
928.728 397.3
24.3588 397.728
214.915 398.303
287.585 397.662
343.982 398.506
423.624 398.001
567.367 397.461
713.599 397.788
1132.58 398.179
245.651 400.342
261.916 399.943
218.067 402.993
240.177 403.26
678.185 403.61
714.149 403.853
742.557 403.588
252.857 405.048
268.79 405.151
490.524 404.546
1002.02 407.046
227.017 407.524
203.928 409.27
696.506 408.958
951.629 410.094
528.375 411.859
964.585 411.881
806.388 415.82
891.857 416.965
1149.08 419.313
661.142 420.228
442.156 421.09
141.885 423.305
301.896 423.477
755.741 422.925
518.689 424.196
162.39 424.804
664.941 424.886
719.433 425.797
221.262 427.557
226.9 428.038
375.717 427.92
215.982 429.116
304.981 428.938
438.903 429.416
99.3945 430.284
281.311 429.742
294.84 430.202
960.652 432.38
124.008 432.671
733.572 433.846
73.1214 434.922
86.9011 434.616
581.911 435.268
1094.03 435.624
79.1582 437.026
155.655 436.507
205.834 438.119
739.138 438.079
152.751 441.634
840.623 442.057
318.17 442.899
1174.84 444.333
162.141 445.347
1137.61 444.82
1149.66 445.715
288.492 447.41
462.621 446.821
976.644 447.322
258.801 447.914
8.70421 449.692
1001.28 449.997
1074.49 449.722
95.7437 450.605
551.121 450.573
1110.7 450.69
1064.37 452.123
448.517 454.059
595.105 453.8
262.689 454.848
1142.71 454.786
203.239 455.932
75.341 456.885
918.75 456.976
1030.42 458.562
592.404 461.084
892.353 461.29
973.797 459.372
583.401 461.697
692.362 462.169
350.119 463.314
468.484 462.633
559.781 463.103
378.589 464.924
1024.91 464.975
11.5885 468.086
29.2998 468.041
795.827 473.315
9.21605 473.795
345.626 474.324
1195.61 474.191
155.924 477.515
280.913 476.921
921.749 475.801
870.91 478.799
164.875 481.802
637.116 482.339
172.254 484.481
92.0823 484.912
377.986 486.929
1003.27 486.673
181.508 488.206
924.955 487.803
957.901 490.653
44.6735 491.308
937.113 490.949
5.43384 493.342
1145.91 493.212
1193.72 492.675
101.452 494.976
1024.7 494.615
963.495 495.652
667.276 497.058
642.903 499.004
885.961 498.834
608.304 500.126
965.206 501.089
84.9263 501.624
806.898 502.641
246.894 506.088
1007.93 505.994
1076.11 506.076
946.75 507.061
681.889 508.236
689.211 507.923
1024.45 507.987
173.207 508.966
754.88 508.714
336.357 511.77
186.885 513.945
750.23 513.751
41.1058 517.524
216.041 517.144
189.687 519.474
234.507 521.29
848.655 522.168
91.9375 525.172
296.268 525.103
919.187 525.445
4.27938 527.668
723.116 528.865
821.498 529.299
831.99 530.577
1175.03 531.944
241.316 533.247
416.508 534.282
574.65 533.555
1114.01 534.739
617.44 538.28
999.201 539.674
87.058 541.798
463.237 542.515
904.813 544.006
1107.87 544.555
743.608 547.391
757.253 549.274
1165.49 549.233
873.785 551.532
890.026 550.559
253.139 551.601
47.5273 552.828
496.522 553.284
1077.01 553.247
685.047 554.155
912.585 555.012
198.213 556.345
210.284 556.043
118.709 557.202
869.182 558.944
701.358 564.03
886.548 564.475
713.457 565.036
18.6524 572.391
180.29 572.362
256.21 571.586
1064.61 571.831
302.666 574.123
1074.92 573.493
339.483 575.077
1172.09 578.064
578.727 578.691
867.156 580.154
42.1967 582.685
341.195 582.827
632.921 588.58
594.011 590.154
771.445 591.06
1192.46 590.231
1090.07 591.767
544.336 593.532
792.489 592.729
1086.65 592.849
615.229 593.636
808.69 594.434
953.7 594.239
282.576 595.086
56.2369 595.673
309.029 595.926
632.867 598.065
1117.17 600.264
217.443 600.951
352.885 601.88
1092.9 601.721
946.335 604.367
509.972 609.14
74.0534 609.546
948.016 609.879
1034.24 610.003
639.06 615.023
809.75 614.765
139.187 616.031
756.265 615.537
992.973 615.848
1185.19 616.354
1134.29 616.963
252.369 618.079
1012.54 618.189
539.076 619.523
760.739 619.838
83.3941 621.372
141.286 621.074
169.354 621.142
1020.92 621.416
730.971 622.961
799.202 623.059
279.76 625.985
513.881 626.377
990.73 625.906
752.427 628.942
802.55 629.07
177.187 629.501
1020.09 631.291
1065.39 631.108
260.007 632.922
327.571 632.62
429.585 633.929
1193.09 633.904
878.153 635.951
564.83 637.197
74.9602 637.811
1147.53 638.25
301.275 638.658
849.215 640.278
1072.06 639.713
73.408 643.109
339.013 644.835
509.478 644.536
1045.19 645.221
342.446 649.715
597.296 650.093
1145.62 650.362
105.805 651.717
490.506 651.694
545.397 652.413
1162.33 652.094
56.5639 653.281
232.335 652.685
1086.06 653.138
441.137 654.126
1044.53 654.06
510.102 655.028
793.881 655.408
103.789 657.028
547.806 657.143
576.799 656.794
396.144 657.541
1084.46 658.933
86.3406 661.08
781.09 661.067
817.61 660.909
175.456 662.817
526.424 663.01
423.933 664.265
609.602 664.043
20.8279 666.799
764.43 668.342
531.192 668.809
1036.54 669.222
155.126 669.734
456.794 670.104
1000.46 671.303
74.4172 672.33
558.934 671.873
757.523 671.751
52.1736 672.925
262.096 673.213
443.389 672.862
495.743 672.94
251.665 675.192
239.614 676.422
736.569 675.364
396.227 677.842
671.739 677.938
96.6061 680.747
640.389 681.252
1178.49 681.39
871.163 682.449
135.933 682.577
963.923 682.585
1055.92 683.105
304.418 683.955
683.527 684.87
17.7733 687.269
1027.51 688.153
1012.07 688.789
440.442 690.427
765.948 689.536
383.258 690.833
1193.86 691.828
497.417 692.901
483.93 694.111
72.3957 695.467
613.84 694.42
188.442 696.391
767.413 695.737
492.739 696.86
723.682 697.094
742.997 699.328
981.213 699.629
410.928 702.373
347.491 702.714
1046.25 702.679
544.191 706.774
1097.09 705.014
633.26 707.416
1151 707.577
1159 707.655
1174.37 712.256
1040.24 712.614
923.816 713.795
680.716 715.182
339.691 715.941
248.575 718.943
428.283 719.048
748.608 718.99
859.729 719.557
104.204 720.854
890.865 721.714
805.985 723.93
220.508 724.751
373.447 726.482
1063.75 726.243
714.404 726.727
820.609 726.707
1129.32 731.214
136.874 732.75
204.493 733.199
594.324 732.722
363.291 734.141
970.362 733.88
159.825 736.085
619.751 735.82
992.842 736.384
136.147 738.234
706.614 737.769
224.331 739.704
338.005 741.19
219.198 742.559
824.016 742.847
1003.9 745.439
1013.49 745.303
1087.38 745.699
896.143 747.129
316.474 747.681
361.274 747.91
1191.12 748.906
749.163 749.785
14.977 750.807
863.402 750.701
304.106 753.07
512.587 753.009
59.7213 753.889
490.11 754.167
843.063 754.285
594.49 754.831
559.903 755.557
29.9867 756.56
302.502 758.514
623.209 758.213
678.304 757.662
1134.67 757.757
880.033 759.646
632.134 760.975
1163.93 760.623
462.245 761.976
982.374 761.781
714.923 763.16
890.749 763.3
705.586 763.23
906.215 763.784
1029.1 764.101
1137.1 763.872
875.646 764.861
985.93 770.923
798.243 772.577
308.283 773.719
1028.25 776.888
521.231 778.192
563.492 781.623
500.692 783.822
70.4935 784.834
894.081 785.197
1193.91 784.644
204.727 785.785
905.67 785.439
118.513 790.445
289.934 789.899
1121.77 790.201
335.142 790.466
435.04 791.101
251.299 791.73
477.563 792.121
361.975 793.721
1021.58 793.926
540.593 795.196
674.382 794.696
961.805 794.851
569.264 238.968
456.188 240.457
337.807 249.629
529.468 259.741
665.067 264.457
329.596 265.287
665.488 270.82
971.1 272.157
527.109 277.929
792.929 277.654
730.219 278.89
322.12 282.48
619.064 284.186
657.643 283.795
353.69 284.605
329.795 291.368
593.979 290.844
229.811 299.544
408.749 301.959
373.446 302.74
381.727 303.024
645.462 303.485
301.203 304.38
312.82 304.046
325.627 303.578
338.583 304.107
612.968 305.777
217.928 310.512
62.3668 310.942
501.98 313.403
226.522 314.85
290.36 312.922
350.347 313.021
261.423 315.298
118.378 317.937
378.334 319.463
818.318 321.777
632.119 323.06
789.044 326.735
249.234 327.869
819.866 327.731
852.279 328.775
280.081 330.002
400.034 331.458
706.977 331.271
922.969 330.711
356.635 332.701
760.16 332.8
325.841 334.085
439.341 335.284
819.77 334.807
271.191 335.864
1119.25 335.681
546.483 345.392
558.39 345.209
426.212 345.462
946.705 346.123
981.206 347.11
540.001 350.025
1062.19 350.973
289.804 351.872
714.131 355.046
804.748 355.149
1034.02 355.291
1162.03 354.866
727.638 355.532
825.204 355.408
181.318 357.914
981.042 358.229
69.9132 358.677
1119.38 359.367
578.272 360.937
733.812 360.89
482.797 361.887
840.977 362.562
934.459 362.008
1062.05 362.167
1167.59 362.032
454.926 364.332
1123.55 365.109
570.295 365.6
1151.74 366.878
1161.46 367.084
1173.01 367.719
1182.7 367.963
964.07 369.603
23.7129 370.352
1056.32 373.997
1008.62 375.274
780.543 376.257
1108.33 375.839
10.4738 378.953
519.325 378.717
1038.04 378.885
772.237 380.03
498.183 380.825
673.391 382.792
108.104 384.513
438.422 386.373
761.184 386.294
11.0438 386.752
493.116 386.992
573.377 386.692
933.42 386.405
406.347 388.569
724.319 388.28
1075.24 388.224
548.138 388.749
523.502 390.51
432.57 391.848
653.134 392.439
348.936 392.926
120.019 394.356
325.444 393.623
401.21 394.436
466.389 395.349
589.813 394.778
52.4738 395.642
311.923 395.663
1172.07 397.122
83.9786 398.821
433.951 398.736
543.468 399.123
847.208 399.182
172.445 400.17
330.121 399.796
575.351 399.65
1140.47 399.954
518.099 401.44
306.704 401.615
914.387 402.132
73.9539 402.655
478.119 407.779
428.054 409.784
976.277 409.455
1037.14 410.457
147.056 410.843
1063.67 411.409
99.7634 412.572
131.825 412.952
139.217 412.733
394.523 412.799
791.477 413.865
360.044 416.902
1177.33 418.77
119.912 420.163
322.748 420.137
235.006 421.571
837.707 421.957
1116 423.783
1146.71 426.937
146.968 427.867
609.116 428
512.941 428.599
692.242 428.941
266.623 431.178
324.551 432.594
1046.32 432.166
108.711 434.137
790.393 434.712
679.706 435.811
120.07 438.195
179.57 438.592
126.818 439.898
384.092 440.589
1185.44 441.044
357.014 443.811
214.611 447.533
147.357 448.328
1058.78 447.714
156.462 450.073
185.115 452.235
424.012 452.991
618.272 453.032
213.161 455.434
196.543 456.081
354.306 455.802
430.87 458.214
256.931 459.751
451.837 460.552
717.755 460.235
309.385 460.935
400.027 462.521
949.016 462.909
1006.17 462.666
3.26259 468.246
1013.03 467.595
782.859 470.13
244.451 470.38
301.8 472.031
1002.94 471.644
1140.53 473.459
408.402 474.401
1047.39 475.747
498.824 477.644
430.605 479.511
470.736 480.541
452.563 484.082
464.971 486.774
147.602 489.39
317.608 490.35
575.012 491.328
190.715 492.069
280.591 492.457
338.04 496.282
991.765 498.91
563.034 497.996
211.973 500.097
754.762 501.129
615.535 504.567
898.568 504.027
227.943 506.323
575.297 506.369
703.884 505.84
134.637 508.711
869.427 510.628
368.926 515.039
434.96 515.339
510.932 515.75
544.154 516.319
80.8567 519.369
115.396 522.182
635.197 521.452
1112.57 522.165
265.763 523.2
145.023 525.757
944.528 524.79
274.274 527.137
669.51 529.822
150.849 532.279
478.849 532.067
293.246 533.368
869.944 533.527
763.857 533.893
940.92 533.817
268.632 536.46
158.978 538.075
795.213 537.929
357.978 539.07
628.866 539.399
852.994 539.548
739.171 540.846
67.1377 543.223
620.321 544.364
319.105 545.306
1099.21 548.181
339.509 551.857
85.146 556.542
346.371 556.179
200.585 556.691
289.286 556.777
1122.39 556.861
253.665 560.775
1161.95 562.721
369.933 565.606
349.923 568.161
378.413 567.859
962.837 567.659
738.248 569.296
1116.27 569.239
130.858 570.059
386.391 571.571
951.9 572.463
860.31 574.607
885.583 575.091
378.869 575.632
1179.77 579.485
5.57808 579.434
214.817 581.24
796.25 582.918
91.154 583.728
598.725 584.891
1014.93 587.234
972.448 590.084
428.112 590.712
602.652 593.367
1018.25 593.812
1031.33 594.117
1037.65 595.086
92.4086 596.167
538.781 595.786
1065.26 595.917
155.669 598.599
717.424 598.892
243.479 600.168
1019.27 601.094
758.966 603.939
640.937 605.584
1167.48 606.528
172.025 608.454
134.565 609.535
390.146 610.901
782.451 611.492
1189.19 610.806
986.395 611.919
58.1999 612.702
241.65 614.016
76.4312 615.048
173.008 615.089
131.942 616.319
850.582 618.746
235.171 621.397
416.456 620.585
672.825 621.315
768.768 622.367
131.374 623.578
145.799 627.047
562.887 629.461
789.373 646.853
137.658 648.14
538.685 649.212
190.172 651.289
1034.51 651.985
802.127 653.316
44.22 655.628
219.282 655.663
930.237 657.779
1146.83 658.948
318.251 659.576
1022.26 659.907
230.451 662.17
1138.05 662.785
1176.18 663.791
389.777 665.636
1031.07 665.901
71.7762 666.672
80.5883 666.859
209.851 670.15
343.08 669.785
368.242 670.673
832.945 672.009
632.292 672.858
474.169 673.932
404.281 675.254
151.183 676.084
414.523 676.038
1017.08 676.016
365.42 676.713
716.074 678.473
1062.57 678.996
1172 681.136
132.196 685.808
687.692 687.761
426.343 690.145
853.006 695.572
895.845 695.93
1172.3 696.309
32.4956 697.754
1049.92 697.986
276.086 698.757
988.432 699.439
1011.51 700.256
614.006 700.938
846.895 701.033
651.27 701.765
161.147 703.946
1141.75 703.877
1171.48 704.999
150.995 706.484
829.297 706.171
624.485 707.993
674.905 707.583
551.283 709.761
956.543 717.023
361.655 717.84
908.797 718.199
166.913 719.795
965.996 721.31
63.4551 722.752
1029.67 722.457
18.3179 724.202
244.482 724.752
9.95753 725.582
314.416 725.719
999.615 725.851
51.3257 726.887
579.514 727.136
594.741 726.777
1170.35 727.147
919.966 729.31
985.619 729.443
794.689 731.904
949.198 733.651
557.496 735.351
1046.76 735.459
492.021 738.172
976.077 739.283
1079.89 739.101
477.822 742.359
991.827 742.995
19.5522 745.264
487.746 745.509
662.246 746.031
243.124 746.759
330.535 746.843
840.642 747.458
615.475 747.957
753.76 748.217
119.428 749.322
37.9349 754.356
297.098 754.468
397.744 760.504
869.842 761.807
196.871 764.414
142.253 765.164
1159.42 765.686
881.682 766.677
963.447 768.055
433.093 771.56
497.117 772.619
400.171 773.16
970.298 774.264
1180.08 774.084
652.966 778.603
176.921 779.557
702.88 780.37
880.52 779.936
1180.7 783.298
1046.09 784.59
1108.87 785.736
197.504 787.647
997.877 787.906
1115.95 789.278
578.858 792.635
1091.2 793.843
506.61 794.834
885.292 798.523
628.213 218.772
326.379 237.363
521.647 254.778
592.664 260.235
517.932 263.683
333.306 271.534
884.35 271.146
1041.54 273.199
926.712 273.581
1089.91 274.496
1025.86 280.133
619.113 283.975
724.402 285.907
638.553 298.791
505.584 300.934
365.551 303.118
395.192 302.79
84.5055 307.942
123.816 308.964
483.292 313.747
459.171 314.099
417.806 315.158
350.39 315.837
127.439 316.346
378.375 317.005
350.39 315.837
323.557 319.588
370.483 317.856
403.037 322.259
525.476 321.612
313.674 325.352
733.624 325.828
431.573 328.653
183.052 331.169
462.236 329.868
888.526 330.338
386.572 331.985
512.773 331.755
583.196 332.111
67.0575 332.796
338.661 333.675
727.097 333.265
287.604 335.096
1090.22 336.132
233.989 337.42
196.916 339.075
959.05 340.15
85.443 342.42
74.459 342.726
38.1203 343.669
453.285 347.853
336.057 351.051
777.26 352.73
1191.11 352.485
230.687 353.978
303.935 355.287
595.696 357.43
387.421 357.518
796.478 360.432
580.196 360.746
936.657 360.38
4.6864 361.769
80.4939 363.315
819.299 363.514
858.703 363.932
971.378 363.868
987.692 364.831
1012.59 364.17
392.665 366.244
696.441 365.68
206.001 368.615
899.153 370.089
978.193 369.989
95.6688 372.421
333.905 372.003
931.85 373.363
1032.02 373.279
1167.11 373.549
53.8648 374.049
880.609 374.814
1067.14 376.706
900.055 378.162
800.306 379.231
1122.5 378.955
840.351 381.069
22.8931 382.402
996.327 383.823
962.692 386.334
602.187 388.472
711.812 388.827
533.805 389.749
976.573 393.937
659.855 394.179
599.489 396.909
447.671 397.449
1104.53 398.836
417.027 399.689
111.666 401.358
789.741 401.452
11.4702 403.095
380.979 403.952
367.155 404.519
88.5788 406.951
312.7 408.882
11.6908 410.094
274.9 410.275
103.938 414.821
832.034 414.896
251.477 416.63
970.34 417.06
1108.84 418.344
1074.24 419.264
658.226 419.627
215.058 421.168
576.441 420.638
170.026 422.977
104.388 424.126
912.154 425.165
1101.09 424.575
675.953 426.793
1068.28 427.715
586.915 429.516
1107.58 431.514
1123.2 430.627
626.549 431.982
35.3645 433.19
267.996 438.697
1018.89 438.872
366.541 442.046
547.65 443.191
487.148 443.961
1065.89 443.854
989.746 446.737
215.128 448.745
392.159 449.359
823.072 449.111
268.96 451.422
1154.61 451.043
235.633 453.807
479.977 452.245
1162.23 456.663
1017.07 457.658
372.685 458.933
730.013 459.12
180.46 459.831
188.928 461.394
242.346 462.518
221.084 464.078
1177.82 464.574
966.381 466.075
234.059 467.379
282.675 467.526
381.452 466.642
852.238 468.529
166.279 470.085
394.686 469.848
216.141 471.781
225.684 473.508
375.371 472.836
1066.56 475.117
57.1375 478.031
942.204 482.887
566.689 484.307
1058.79 484.766
552.142 486.033
292.356 486.384
819.972 488.11
950.434 487.724
518.268 491.432
887.179 491.199
490.732 495.101
158.895 502.413
72.5717 504.387
28.167 504.931
540.4 506.975
112.392 507.648
443.873 510.302
1103.38 510.923
810.108 509.998
339.523 514.184
451.527 514.335
52.5148 514.712
954.545 514.217
1111.71 514.674
617.466 516.152
206.444 519.164
666.075 520.469
70.4295 520.666
293.688 521.063
393.792 521.576
625.33 525.157
169.313 529.173
600.395 530.009
1099.24 531.841
1185.44 532.842
42.1586 537.294
267.324 536.414
976.766 538.612
1014.59 540.795
118.794 541.708
578.893 542.426
1056.43 542.494
1091.43 543.429
267.665 545.362
567.426 544.86
107.388 545.684
28.9629 546.919
483.359 546.867
666.419 547.279
84.3736 547.573
800.908 549.526
66.4553 551.551
510.115 550.647
865.934 553.265
1146.5 552.678
788.385 553.695
480.039 555.008
1183.88 557.684
1135.91 559.541
780.371 564.04
1173.7 564.697
1186.83 565.282
370.916 565.981
1021.75 568.338
388.046 572.199
801.263 576.951
1039.52 578.867
410.361 581.061
568.112 580.804
587.189 580.793
444.204 581.862
1155.59 583.501
1165.48 583.832
1036.44 586.556
763.73 590.062
78.0697 592.379
1144.39 594.075
446.482 597.048
758.588 596.898
998.938 600.364
458.756 602.242
951.107 602.215
189.737 603.097
274.418 604.078
48.1819 604.554
872.053 607.555
1156.47 606.677
381.874 608.678
994.914 609.035
717.874 615.89
150.571 617.756
1069.37 617.948
744.932 619.114
266.602 623.022
520.278 626.179
1088.41 628.298
717.751 628.367
68.4413 631.173
773.073 632.373
86.8368 634.32
314.459 634.564
717.462 635.989
178.438 637.339
197.833 637.198
1088.49 636.747
554.901 638.042
101.844 640.284
85.8771 643.288
1180.87 643.244
1093.88 644.744
497.47 648.603
28.9251 649.674
557.574 650.55
710.063 655.304
348.04 655.811
294.789 659.347
1039.24 659.85
97.2533 662.642
186.806 663.809
240.9 667.661
909.064 668.883
226.774 669.961
294.004 669.875
1061.14 670.314
420.075 672.599
479.124 675.22
292.882 678.379
520.729 678.588
882.441 678.342
451.064 682.197
414.041 682.883
270.25 683.456
890.927 687.44
549.575 689.311
641.538 692.429
660.503 689.746
469.243 692.317
1123.94 692.364
215.652 693.457
109.645 695.739
705.211 698.707
972.184 698.586
1190.43 699.236
473.445 700.922
763.373 703.597
480.93 709.075
184.782 709.723
857.961 712.302
158.041 713.78
560.492 713.867
149.638 715.075
873.906 716.488
548.57 717.759
379.811 720.098
994.272 720.988
815.44 721.793
322.073 723.531
675.583 724.703
1109.11 724.568
906.941 726.987
1087.1 726.632
938.671 727.357
849.911 727.66
382.943 728.761
1119.55 731.661
305.442 732.564
403.336 732.792
1018.01 733.655
957.624 737.583
1177.27 737.192
380.499 739.673
312.165 739.84
612.643 739.83
300.381 742.121
642.685 742.011
54.085 742.516
1103.28 745
597.872 747.153
1183.76 747.421
77.1266 747.584
1037.11 747.506
236.915 752.128
384.835 753.008
465.966 754.198
329.531 755.234
496.91 763.161
955.346 766.051
862.954 766.57
1135.5 767.61
84.7002 768.095
1077.85 768.898
1113.08 769.19
1125.98 768.886
746.698 770.685
1034.65 774.826
467.054 776.443
476.53 776.372
544.734 778.167
723.792 778.302
984.985 777.913
185.557 780.1
198.411 779.849
210.857 779.816
838.758 780.598
804.021 780.777
97.2314 781.916
481.434 784.048
320.256 784.808
959.29 785.216
541.425 786.182
705.979 787.565
470.512 787.714
1148.99 788.951
63.7118 790.521
113.545 791.499
869.891 791.308
895.308 792.991
1165.57 793.344
441.963 135.305
49.4735 170.418
63.0219 170.107
209.327 178.581
57.7508 181.898
62.0842 185.357
202.567 201.084
150.934 205.107
64.0354 210.838
359.721 216.567
28.3289 238.64
299.166 255.211
332.918 273.373
120.572 280.316
548.565 287.115
79.2618 314.611
470.668 333.296
494.744 344.758
124.626 375.56
238.082 387.863
465.861 394.932
254.489 144.752
274.931 155.174
318.699 156.537
334.788 163.171
347.016 163.423
265.317 169.172
539.773 174.535
351.323 176.584
285.244 184.862
330.059 185.495
495.283 186.667
140.016 187.141
113.668 189.719
30.5686 193.71
340.562 194.635
542.34 210.281
90.1177 213.325
142.279 216.079
120.495 228.395
154.4 232.239
533.235 233.124
438.082 248.932
160.982 254.778
396.159 257.055
206.29 261.855
388.205 261.93
112.269 267.692
448.204 272.158
585.02 271.455
420.439 274.558
103.367 285.554
112.146 295.155
137.532 296.197
564.65 296.136
131.949 296.716
584.872 298.156
523.959 300.724
63.8109 303.688
330.431 302.057
463.891 303.309
537.742 303.389
25.6408 316.402
62.5108 317.359
107.364 317.039
394.955 317.873
156.337 322.092
220.292 324.86
438.195 329.175
86.1212 335.678
482.004 347.321
162.016 355.851
523.102 355.96
51.5878 356.821
259.059 360.408
505.021 360.737
434.841 365.045
454.412 373.867
463.977 378.717
134.736 383.27
82.6857 388.619
54.5287 388.397
500.053 389.529
197.801 392.486
295.717 116.231
284.609 123.479
370.762 143.427
465.593 143.165
122.854 147.697
138.024 147.643
207.489 153.491
433.459 167.051
45.9536 187.309
250.997 188.022
104.325 189.984
538.642 190.689
63.9091 191.902
173.654 193.167
125.497 195.756
431.285 203.552
382.847 211.355
526.661 211.884
328.465 223.226
561.502 223.086
491.633 224.077
112.278 224.789
141.196 226.696
133.872 231.094
457.489 234.207
447.75 236.629
187.843 249.231
29.6547 250.296
476.896 254.718
589.509 253.626
76.0612 256.775
231.351 262.467
278.062 262.386
367.093 264.08
517.401 265.643
553.404 266.481
429.052 268.472
236.85 271.464
456.51 274.599
109.898 276.632
237.011 280.104
412.295 291.087
186 294.438
319.293 297.287
322.309 306.991
466.182 312.482
145.791 317.877
224.561 318.691
224.703 318.761
420.578 322.498
29.4768 323.589
273.905 323.757
3.96902 327.87
27.3738 333.077
151.821 335.529
463.479 338.085
501.668 338.28
541.25 338.3
593.55 340.062
229.105 344.797
99.1367 346.677
277.166 350.449
86.8986 353.093
415.768 356.583
247.806 358.091
530.42 359.561
538.664 360.405
147.603 364.572
419.833 369.039
505.903 369.435
587.785 375.577
448.259 379.139
109.035 383.675
367.332 389.554
473.588 388.646
231.635 391.52
460.178 392.691
21.4531 395.711
225.678 84.0841
17.2376 80.1853
152.188 82.8173
212.811 107.571
127.09 117.472
47.2233 118.295
38.6316 141.272
266.537 146.157
230.271 156.302
285.214 161.501
216.511 163.868
273.618 173.221
163.014 177.141
6.78435 178.433
47.3025 180.927
85.1232 184.532
158.453 187.426
198.495 188.011
220.525 70.8186
175.323 83.8364
226.245 85.8624
263.075 85.9204
276.891 87.5047
217.034 94.5514
120.145 96.9264
103.781 98.3388
113.294 98.0958
243.089 104.079
174.614 121.72
68.9785 126.643
285.877 130.323
79.4343 131.533
96.7635 137.542
166.011 143.164
47.1172 153.599
264.654 166.762
138.374 167.947
189.501 177.629
167.893 185.908
286.555 187.106
95.2336 190.812
251.83 192.056
85.4714 71.9147
76.9349 58.6879
37.6542 17.736
23.1187 32.3754
