618.979 473.003
869.635 379.706
388.554 551.667
906.479 344.95
906.479 344.95
319.237 527.631
189.969 615.897
699.956 488.379
973.857 417.817
277.414 508.073
454.674 393.883
482.08 389.206
665.543 574.155
702.791 336.846
702.791 336.846
416.624 394.855
883.599 284.774
554.998 673.288
509.861 471.387
852.743 431.784
190.393 474.679
156.026 566.587
156.026 566.587
1067.65 586.126
867.545 656.971
610.253 332.769
922.584 626.707
1095.97 694.384
904.212 337.836
863.071 407.604
932.863 625.463
496.112 716.682
954.293 509.936
415.477 307.482
415.477 307.482
915.479 468.914
915.479 468.914
276.548 295.787
931.686 286.83
825.091 582.673
825.091 582.673
463.201 525.433
1053.82 424.268
766.193 423.21
734.685 528.661
832.036 713.667
742.024 287.353
554.831 701.398
1003.84 677.061
1003.84 677.061
209.149 380.468
209.149 380.468
1077.83 721.31
372.499 589.377
92.4073 375.118
92.4073 375.118
174.297 706.687
657.429 446.951
458.709 690.093
458.709 690.093
292.083 636.254
913.52 549.699
128.318 384.303
128.318 384.303
927.459 676.67
246.209 295.895
220.295 553.764
502.493 376.544
841.656 645.497
1123.5 446.671
376.187 498.963
376.187 498.963
474.2 543.427
474.2 543.427
152.622 514.051
867.418 334.602
1035.3 531.785
645.117 614.482
896 473.759
556.624 525.272
858.605 537.444
858.605 537.444
1077.78 381.877
1107.31 533.462
268.243 462.687
268.243 462.687
347.809 386.833
282.892 453.891
304.141 671.559
639.086 595.074
639.086 595.074
1061.34 719.623
983.765 448.655
251.493 392.011
225.056 450.078
225.056 450.078
449.906 638.023
449.623 637.883
591.935 232.962
474.522 560.707
548.31 648.013
569.718 247.459
198.773 693.853
198.773 693.853
324.533 712.202
790.41 636.246
790.41 636.246
128.122 607.876
1083 677.1
841.379 549.616
1075.98 607.278
280.533 374.782
280.533 374.782
550.362 310.848
661.363 604.613
661.363 604.613
792.818 514.61
309.3 464.979
309.3 464.979
637.898 313.574
870.182 730.591
1010.54 721.974
207.234 571.609
441.084 650.22
441.084 650.22
322.464 510.056
1085.18 421.061
1080.05 349.57
1080.05 349.57
103.676 714.142
413.079 524.21
896.908 544.816
1048.42 601.949
776.911 524.36
681.624 389.77
275.564 592.894
670.076 326.842
1129.8 592.773
227.837 379.938
227.837 379.938
660.619 371.491
531.134 338.844
225.037 535.884
876.89 658.85
876.89 658.85
1066.97 466.747
703.147 353.667
509.477 290.004
509.477 290.004
964.508 695.142
694.532 327.347
264.398 593.932
264.398 593.932
518.618 721.316
313.175 644.684
180.735 427.151
61.6372 387.921
61.6372 387.921
51.7816 633.303
51.7816 633.303
125.522 635.218
1046.7 712.42
215.228 634.578
224.793 590.811
224.793 590.811
570.987 370.223
285.058 432.657
991.066 373.833
241.491 457.29
241.491 457.29
172.742 671.856
876.664 498.364
876.664 498.364
928.282 607.119
1097.63 574.73
99.4471 341.336
128.571 422.176
598.833 510.922
405.635 402.669
419.154 357.661
159.024 629.723
159.024 629.723
989.989 690.016
666.337 547.246
116.002 364.295
116.002 364.295
241.645 561.132
302.367 410.714
302.367 410.714
126.544 340.714
249.753 751.621
641.538 692.429
884.426 271.109
941.836 667.093
329.531 755.234
124.668 371.214
384.835 753.008
906.941 726.987
906.941 726.987
1012.59 364.17
54.085 742.516
57.1578 477.779
719.942 433.635
976.573 393.937
810.108 509.998
1037.11 747.506
552.142 486.033
305.442 732.564
305.442 732.564
189.737 603.097
479.977 452.245
666.419 547.279
186.806 663.809
1036.44 586.556
936.657 360.38
282.675 467.526
1089.91 274.496
420.075 672.599
68.4413 631.173
53.8648 374.049
57.1375 478.031
525.476 321.612
566.689 484.307
566.689 484.307
517.932 263.683
724.402 285.907
819.972 488.11
578.893 542.426
520.278 626.179
628.213 218.772
628.213 218.772
597.872 747.153
107.388 545.684
242.346 462.518
85.443 342.42
465.966 754.198
705.211 698.707
150.571 617.756
880.609 374.814
178.438 637.339
127.439 316.346
292.882 678.379
780.371 564.04
370.483 317.856
370.483 317.856
292.356 486.384
890.927 687.44
462.236 329.868
1021.75 568.338
520.729 678.588
801.263 576.951
375.371 472.836
74.459 342.726
66.4553 551.551
487.148 443.961
487.148 443.961
487.148 443.961
380.499 739.673
1041.54 273.199
521.647 254.778
1155.59 583.501
1017.07 457.658
77.1266 747.584
303.935 355.287
659.855 394.179
617.466 516.152
626.549 431.982
225.684 473.508
380.979 403.952
95.6688 372.421
95.6688 372.421
815.44 721.793
97.2533 662.642
600.395 530.009
600.395 530.009
600.395 530.009
274.418 604.078
235.633 453.807
1109.11 724.568
394.686 469.848
80.4939 363.315
882.441 678.342
884.35 271.146
711.812 388.827
987.692 364.831
800.908 549.526
197.833 637.198
1056.43 542.494
293.688 521.063
85.8771 643.288
188.928 461.394
819.299 363.514
540.4 506.975
730.013 459.12
118.794 541.708
852.238 468.529
852.238 468.529
326.379 237.363
112.392 507.648
788.385 553.695
549.575 689.311
1162.23 456.663
480.93 709.075
215.652 693.457
215.058 421.168
184.782 709.723
926.712 273.581
989.746 446.737
1068.28 427.715
1068.28 427.715
800.306 379.231
800.306 379.231
104.388 424.126
104.388 424.126
196.916 339.075
393.792 521.576
393.792 521.576
717.874 615.89
954.545 514.217
1103.28 745
696.441 365.68
483.359 546.867
1144.39 594.075
1144.39 594.075
567.426 544.86
567.426 544.86
972.184 698.586
1101.09 424.575
1101.09 424.575
312.7 408.882
312.7 408.882
312.7 408.882
966.381 466.075
966.381 466.075
1088.41 628.298
52.5148 514.712
52.5148 514.712
240.9 667.661
236.915 752.128
312.165 739.84
849.911 727.66
387.421 357.518
322.073 723.531
1122.5 378.955
548.57 717.759
180.46 459.831
1067.14 376.706
580.196 360.746
123.816 308.964
1058.79 484.766
1058.79 484.766
970.34 417.06
169.313 529.173
169.313 529.173
206.001 368.615
1099.24 531.841
490.732 495.101
625.33 525.157
458.756 602.242
42.1586 537.294
1069.37 617.948
431.573 328.653
431.573 328.653
469.243 692.317
469.243 692.317
84.5055 307.942
971.378 363.868
638.553 298.791
638.553 298.791
675.583 724.703
554.901 638.042
586.915 429.516
403.037 322.259
287.604 335.096
512.773 331.755
1090.22 336.132
294.789 659.347
166.279 470.085
451.527 514.335
451.527 514.335
717.462 635.989
215.128 448.745
1156.47 606.677
865.934 553.265
300.381 742.121
381.874 608.678
233.989 337.42
1104.53 398.836
675.953 426.793
313.674 325.352
367.155 404.519
367.155 404.519
395.192 302.79
234.059 467.379
1123.94 692.364
86.8368 634.32
592.664 260.235
587.189 580.793
568.112 580.804
78.0697 592.379
84.3736 547.573
149.638 715.075
109.645 695.739
109.645 695.739
206.444 519.164
274.9 410.275
1039.24 659.85
1039.24 659.85
758.588 596.898
758.588 596.898
339.509 551.857
959.05 340.15
959.05 340.15
1111.71 514.674
642.685 742.011
888.526 330.338
1108.84 418.344
348.04 655.811
912.154 425.165
38.1203 343.669
658.226 419.627
658.226 419.627
957.624 737.583
823.072 449.111
1061.14 670.314
583.196 332.111
1154.61 451.043
473.445 700.922
473.445 700.922
392.159 449.359
453.285 347.853
365.551 303.118
333.905 372.003
382.943 728.761
382.943 728.761
333.306 271.534
887.179 491.199
717.751 628.367
72.5717 504.387
103.938 414.821
103.938 414.821
796.478 360.432
443.873 510.302
226.774 669.961
381.452 466.642
381.452 466.642
386.572 331.985
763.373 703.597
599.489 396.909
170.026 422.977
179.57 438.592
446.482 597.048
403.336 732.792
216.141 471.781
1065.89 443.854
547.65 443.191
612.643 739.83
388.046 572.199
392.665 366.244
1135.91 559.541
595.696 357.43
101.844 640.284
459.171 314.099
744.932 619.114
909.064 668.883
267.324 536.414
1032.02 373.279
1025.86 280.133
1167.11 373.549
777.26 352.73
1107.58 431.514
1146.5 552.678
1146.5 552.678
1123.2 430.627
1119.55 731.661
379.811 720.098
379.811 720.098
67.0575 332.796
857.961 712.302
773.073 632.373
931.85 373.363
417.027 399.689
417.027 399.689
417.027 399.689
451.064 682.197
1066.56 475.117
1066.56 475.117
942.204 482.887
267.665 545.362
323.557 319.588
727.097 333.265
1074.24 419.264
1074.24 419.264
401.21 394.436
401.21 394.436
1014.59 540.795
339.523 514.184
1018.89 438.872
1088.49 636.747
576.441 420.638
1165.48 583.832
510.115 550.647
510.115 550.647
518.268 491.432
518.268 491.432
666.075 520.469
1018.01 733.655
32.4956 697.754
994.272 720.988
230.687 353.978
951.107 602.215
444.204 581.862
996.327 383.823
789.741 401.452
70.4295 520.666
294.004 669.875
505.584 300.934
660.503 689.746
660.503 689.746
266.602 623.022
268.632 536.46
350.39 315.837
350.39 315.837
1091.43 543.429
978.193 369.989
978.193 369.989
1039.52 578.867
447.671 397.449
314.459 634.564
962.692 386.334
858.703 363.932
1029.67 722.457
1029.67 722.457
417.806 315.158
480.039 555.008
900.055 378.162
496.91 763.161
111.666 401.358
338.661 333.675
338.661 333.675
414.041 682.883
994.914 609.035
840.351 381.069
378.375 317.005
862.954 766.57
873.906 716.488
1135.5 767.61
366.541 442.046
483.292 313.747
268.96 451.422
832.034 414.896
410.361 581.061
899.153 370.089
872.053 607.555
372.685 458.933
336.057 351.051
1087.1 726.632
1093.88 644.744
88.5788 406.951
80.8567 519.369
840.977 362.562
763.73 590.062
763.73 590.062
944.528 524.79
158.041 713.78
267.996 438.697
479.124 675.22
158.895 502.413
976.766 538.612
221.084 464.078
221.084 464.078
1103.38 510.923
950.434 487.724
710.063 655.304
451.837 460.552
1167.59 362.032
1167.59 362.032
619.113 283.975
733.624 325.828
602.187 388.472
533.805 389.749
533.805 389.749
85.146 556.542
85.146 556.542
325.627 303.578
938.671 727.357
557.574 650.55
557.574 650.55
270.25 683.456
386.391 571.571
782.451 611.492
998.938 600.364
324.551 432.594
324.551 432.594
424.012 452.991
976.277 409.455
976.277 409.455
560.492 713.867
560.492 713.867
624.485 707.993
251.477 416.63
852.994 539.548
439.341 335.284
244.482 724.752
478.119 407.779
119.912 420.163
1018.25 593.812
370.916 565.981
575.351 399.65
492.021 738.172
271.191 335.864
134.637 508.711
183.052 331.169
244.451 470.38
244.451 470.38
48.1819 604.554
819.77 334.807
615.475 747.957
80.5883 666.859
619.064 284.186
739.171 540.846
739.171 540.846
540.001 350.025
497.47 648.603
338.583 304.107
253.665 560.775
214.817 581.24
214.817 581.24
464.971 486.774
464.971 486.774
1046.32 432.166
58.1999 612.702
1017.08 676.016
575.012 491.328
570.295 365.6
563.034 497.996
963.447 768.055
454.926 364.332
317.608 490.35
317.608 490.35
724.319 388.28
378.869 575.632
669.51 529.822
717.424 598.892
71.7762 666.672
837.707 421.957
145.799 627.047
1112.57 522.165
361.655 717.84
361.655 717.84
651.27 701.765
356.635 332.701
487.746 745.509
428.112 590.712
1171.48 704.999
1171.48 704.999
430.605 479.511
430.605 479.511
219.282 655.663
131.942 616.319
716.074 678.473
1075.24 388.224
578.272 360.937
276.086 698.757
229.811 299.544
665.488 270.82
137.658 648.14
430.87 458.214
430.87 458.214
615.535 504.567
389.777 665.636
249.234 327.869
309.385 460.935
280.591 492.457
895.845 695.93
964.07 369.603
579.514 727.136
365.42 676.713
365.42 676.713
1047.39 475.747
378.413 567.859
1046.76 735.459
227.943 506.323
674.905 707.583
1116.27 569.239
635.197 521.452
214.611 447.533
1022.26 659.907
794.689 731.904
408.402 474.401
612.968 305.777
120.019 394.356
772.237 380.03
1146.83 658.948
289.286 556.777
804.748 355.149
466.389 395.349
869.842 761.807
930.237 657.779
381.727 303.024
381.727 303.024
235.171 621.397
235.171 621.397
538.781 595.786
1162.03 354.866
131.825 412.952
226.522 314.85
226.522 314.85
478.849 532.067
991.827 742.995
1161.95 562.721
569.264 238.968
433.951 398.736
792.929 277.654
156.462 450.073
602.652 593.367
657.643 283.795
657.643 283.795
717.755 460.235
717.755 460.235
346.371 556.179
314.416 725.719
108.711 434.137
108.711 434.137
679.706 435.811
408.749 301.959
408.749 301.959
172.445 400.17
338.04 496.282
338.04 496.282
343.08 669.785
632.119 323.06
501.98 313.403
161.147 703.946
768.768 622.367
1138.05 662.785
847.208 399.182
869.944 533.527
869.944 533.527
618.272 453.032
318.251 659.576
147.357 448.328
825.204 355.408
256.931 459.751
1170.35 727.147
687.692 687.761
999.615 725.851
400.034 331.458
956.543 717.023
353.69 284.605
653.134 392.439
829.297 706.171
397.744 760.504
763.857 533.893
763.857 533.893
949.016 462.909
885.583 575.091
860.31 574.607
898.568 504.027
898.568 504.027
850.582 618.746
1063.67 411.409
319.105 545.306
369.933 565.606
150.995 706.484
922.969 330.711
330.535 746.843
150.849 532.279
265.763 523.2
357.978 539.07
330.121 399.796
139.217 412.733
146.968 427.867
1034.02 355.291
266.623 431.178
266.623 431.178
512.941 428.599
322.12 282.48
329.596 265.287
672.825 621.315
562.887 629.461
562.887 629.461
312.82 304.046
92.4086 596.167
274.274 527.137
546.483 345.392
780.543 376.257
1008.62 375.274
1008.62 375.274
384.092 440.589
151.183 676.084
69.9132 358.677
949.198 733.651
557.496 735.351
322.748 420.137
322.748 420.137
818.318 321.777
789.373 646.853
620.321 544.364
972.448 590.084
181.318 357.914
37.9349 754.356
456.188 240.457
83.9786 398.821
83.9786 398.821
1116 423.783
1116 423.783
645.462 303.485
329.795 291.368
609.116 428
790.393 434.712
158.978 538.075
158.978 538.075
185.115 452.235
185.115 452.235
190.172 651.289
594.741 726.777
523.502 390.51
544.154 516.319
544.154 516.319
360.044 416.902
51.3257 726.887
738.248 569.296
852.279 328.775
416.456 620.585
134.565 609.535
802.127 653.316
802.127 653.316
919.966 729.31
551.283 709.761
67.1377 543.223
730.219 278.89
1097.09 705.014
628.866 539.399
628.866 539.399
673.391 382.792
482.797 361.887
211.973 500.097
761.184 386.294
1013.03 467.595
796.25 582.918
795.213 537.929
518.099 401.44
132.196 685.808
662.246 746.031
662.246 746.031
593.979 290.844
378.334 319.463
934.459 362.008
791.477 413.865
791.477 413.865
760.16 332.8
760.16 332.8
241.65 614.016
241.65 614.016
147.602 489.39
1037.65 595.086
1002.94 471.644
1031.07 665.901
99.7634 412.572
733.812 360.89
1056.32 373.997
575.297 506.369
908.797 718.199
908.797 718.199
348.936 392.926
498.824 477.644
1006.17 462.666
573.377 386.692
325.444 393.623
349.923 568.161
349.923 568.161
115.396 522.182
91.5308 389.047
301.203 304.38
1019.27 601.094
558.39 345.209
1031.33 594.117
474.169 673.932
474.169 673.932
832.945 672.009
373.446 302.74
373.446 302.74
76.4312 615.048
166.913 719.795
538.685 649.212
538.685 649.212
1122.39 556.861
714.131 355.046
44.22 655.628
1099.21 548.181
529.468 259.741
406.347 388.569
293.246 533.368
190.715 492.069
1141.75 703.877
985.619 729.443
985.619 729.443
985.619 729.443
853.006 695.572
1065.26 595.917
1014.93 587.234
131.374 623.578
641.679 263.659
1140.47 399.954
1140.47 399.954
130.858 570.059
108.104 384.513
108.104 384.513
914.387 402.132
548.138 388.749
118.709 557.202
1058.78 447.714
1058.78 447.714
988.432 699.439
1011.51 700.256
172.025 608.454
147.056 410.843
147.056 410.843
394.523 412.799
519.325 378.717
357.014 443.811
789.044 326.735
280.081 330.002
118.378 317.937
368.242 670.673
368.242 670.673
434.96 515.339
940.92 533.817
41.1058 517.524
337.807 249.629
428.054 409.784
543.468 399.123
589.813 394.778
527.109 277.929
1172.07 397.122
261.423 315.298
703.884 505.84
404.281 675.254
946.705 346.123
209.851 670.15
498.183 380.825
1173.01 367.719
235.006 421.571
235.006 421.571
91.154 583.728
819.866 327.731
840.642 747.458
1062.19 350.973
1123.55 365.109
311.923 395.663
311.923 395.663
173.008 615.089
173.008 615.089
1038.04 378.885
1038.04 378.885
1062.57 678.996
441.137 654.126
981.206 347.11
981.206 347.11
243.124 746.759
1079.89 739.101
1159.42 765.686
1159.42 765.686
1167.48 606.528
493.116 386.992
126.818 439.898
426.343 690.145
598.725 584.891
426.212 345.462
426.212 345.462
1161.46 367.084
962.837 567.659
802.55 629.07
1108.33 375.839
951.9 572.463
1034.51 651.985
754.762 501.129
230.451 662.17
1119.38 359.367
145.023 525.757
145.023 525.757
452.563 484.082
354.306 455.802
881.682 766.677
1151.74 366.878
1151.74 366.878
633.26 707.416
368.926 515.039
986.395 611.919
120.07 438.195
727.638 355.532
400.027 462.521
1062.05 362.167
1062.05 362.167
306.704 401.615
306.704 401.615
200.585 556.691
200.585 556.691
733.572 433.846
706.977 331.271
706.977 331.271
70.7189 309.13
70.7189 309.13
971.1 272.157
497.117 772.619
869.182 558.944
976.077 739.283
1000.46 671.303
213.161 455.434
213.161 455.434
196.543 456.081
753.76 748.217
325.841 334.085
325.841 334.085
692.242 428.941
155.669 598.599
1027.51 688.153
470.736 480.541
470.736 480.541
73.9539 402.655
933.42 386.405
965.996 721.31
965.996 721.31
1172 681.136
846.895 701.033
846.895 701.033
782.859 470.13
477.822 742.359
289.804 351.872
981.042 358.229
981.042 358.229
142.253 765.164
297.098 754.468
74.0534 609.546
390.146 610.901
414.523 676.038
665.067 264.457
243.479 600.168
1007.53 390.694
758.966 603.939
510.932 515.75
301.8 472.031
614.006 700.938
632.292 672.858
726.891 396.697
726.891 396.697
1074.92 573.493
686.438 339.69
196.871 764.414
62.3668 310.942
1049.92 697.986
432.57 391.848
432.57 391.848
429.585 633.929
490.524 404.546
991.765 498.91
63.4551 722.752
224.331 739.704
252.857 405.048
252.857 405.048
52.4738 395.642
1174.84 444.333
1064.61 571.831
1020.44 360.418
869.427 510.628
304.981 428.938
304.981 428.938
1137.61 444.82
501.511 284.38
1140.53 473.459
1140.53 473.459
985.93 770.923
287.585 397.662
318.17 442.899
1005.51 359.598
714.149 403.853
528.036 277.773
181.508 488.206
438.422 386.373
294.84 430.202
253.139 551.601
594.324 732.722
1172.3 696.309
1172.3 696.309
851.017 366.487
880.033 759.646
880.033 759.646
350.323 312.978
604.951 219.012
101.452 494.976
757.253 549.274
350.347 313.021
642.903 499.004
576.152 216.844
169.354 621.142
1029.1 764.101
1138.97 382.875
963.495 495.652
226.9 428.038
226.9 428.038
770.586 358.033
290.36 312.922
290.36 312.922
261.916 399.943
640.937 605.584
504.032 360.927
748.608 718.99
238.948 299.862
1119.25 335.681
217.928 310.512
1037.14 410.457
99.3945 430.284
111.647 378.029
547.756 286.581
1032.83 391.543
423.811 295.929
248.575 718.943
119.428 749.322
343.982 398.506
973.797 459.372
56.5639 653.281
867.156 580.154
867.156 580.154
1003.27 486.673
462.245 761.976
338.005 741.19
957.901 490.653
549.11 298.344
549.11 298.344
613.829 392.845
378.589 464.924
378.589 464.924
496.522 553.284
159.341 309.637
1070.59 334.139
767.413 695.737
203.239 455.932
203.239 455.932
217.443 600.951
509.587 332.814
509.587 332.814
861.179 288.916
572.802 286.145
1119.1 371.623
227.017 407.524
227.017 407.524
1151 707.577
613.84 694.42
613.84 694.42
527.571 357.253
423.933 664.265
304.106 753.07
304.106 753.07
1149.08 419.313
1149.08 419.313
83.28 319.442
83.28 319.442
875.646 764.861
363.291 734.141
363.291 734.141
280.913 476.921
583.401 461.697
760.796 325.8
209.25 310.117
831.99 530.577
640.389 681.252
640.389 681.252
304.464 373.523
636.426 359.444
636.426 359.444
608.304 500.126
608.304 500.126
608.304 500.126
657.587 360.51
215.982 429.116
215.982 429.116
152.751 441.634
152.751 441.634
1039.62 359.277
799.202 623.059
336.357 511.77
1174.51 380.371
885.961 498.834
298.958 391.527
976.644 447.322
1028.34 360.427
1003.9 745.439
1003.9 745.439
240.177 403.26
561.934 286.56
298.98 277.688
770.334 332.307
262.096 673.213
256.21 571.586
256.21 571.586
1076.11 506.076
1076.11 506.076
664.941 424.886
234.507 521.29
567.367 397.461
937.113 490.949
859.729 719.557
859.729 719.557
890.749 763.3
636.249 390.477
965.206 501.089
965.206 501.089
451.182 252.793
412.45 392.909
377.986 486.929
1030.42 458.562
1088.26 385.719
1134.29 616.963
1134.29 616.963
1175.03 531.944
29.2998 468.041
594.011 590.154
924.955 487.803
1146.71 426.937
1146.71 426.937
1114.01 534.739
970.522 372.43
970.522 372.43
290.223 312.565
290.223 312.565
1149.66 445.715
964.585 411.881
298.534 397.299
298.534 397.299
1145.91 493.212
706.614 737.769
220.508 724.751
923.816 713.795
679.17 255.747
592.404 461.084
105.805 651.717
448.517 454.059
29.9867 756.56
577.562 374.087
578.727 578.691
499.374 295.042
860.666 380.193
863.402 750.701
639.06 615.023
554.232 286.464
1045.19 645.221
1087.38 745.699
824.016 742.847
325.206 294.037
73.1214 434.922
701.358 564.03
906.215 763.784
930.932 355.257
930.932 355.257
692.362 462.169
711.24 341.135
1013.49 745.303
189.687 519.474
189.687 519.474
258.801 447.914
817.61 660.909
273.828 308.994
353.416 304.009
353.416 304.009
622.5 364.718
756.265 615.537
912.585 555.012
912.585 555.012
70.9193 380.612
750.23 513.751
139.187 616.031
139.187 616.031
316.474 747.681
539.076 619.523
352.885 601.88
352.885 601.88
565.937 373.573
527.193 290.327
268.79 405.151
720.831 331.013
308.283 773.719
308.283 773.719
492.739 696.86
547.806 657.143
536.659 271.183
840.623 442.057
103.789 657.028
896.143 747.129
1024.91 464.975
574.65 533.555
56.2369 595.673
306.711 308.643
306.711 308.643
569.469 380.242
59.7213 753.889
1102.61 334.983
444.877 330.786
194.15 373.714
194.15 373.714
252.369 618.079
461.227 383.465
685.047 554.155
576.799 656.794
576.799 656.794
799.597 333.34
380.919 378.214
1077.01 553.247
671.739 677.938
713.457 565.036
713.457 565.036
483.93 694.111
303.405 367.37
809.75 614.765
504.764 243.153
752.902 389.45
558.934 671.873
928.728 397.3
75.341 456.885
683.527 684.87
1007.93 505.994
1134.67 757.757
1134.67 757.757
627.12 350.295
627.12 350.295
892.353 461.29
203.928 409.27
1172.09 578.064
204.493 733.199
91.6499 397.142
1159 707.655
544.336 593.532
615.229 593.636
615.229 593.636
986.694 358.036
681.889 508.236
1086.06 653.138
302.666 574.123
1002.02 407.046
521.231 778.192
521.231 778.192
509.478 644.536
221.262 427.557
999.201 539.674
1055.92 683.105
1046.36 361.113
246.894 506.088
74.7466 305.196
232.335 652.685
1094.03 435.624
743.608 547.391
210.284 556.043
730.971 622.961
946.75 507.061
946.75 507.061
1028.25 776.888
594.49 754.831
241.316 533.247
218.067 402.993
218.067 402.993
423.624 398.001
1129.32 731.214
526.424 663.01
933.954 369.399
982.374 761.781
705.586 763.23
705.586 763.23
260.007 632.922
155.126 669.734
239.614 676.422
79.1582 437.026
992.842 736.384
262.689 454.848
262.689 454.848
779.709 278.759
1117.17 600.264
1020.92 621.416
495.743 672.94
640.268 365.853
1050.48 377.036
417.977 329.775
417.977 329.775
492.873 332.609
347.279 349.165
806.898 502.641
216.041 517.144
186.885 513.945
172.254 484.481
566.729 360.854
1072.06 639.713
1034.24 610.003
680.716 715.182
742.997 699.328
623.209 758.213
1163.93 760.623
1001.28 449.997
723.116 528.865
824.264 338.663
155.924 477.515
279.276 305.513
288.492 447.41
990.73 625.906
795.827 473.315
342.446 649.715
141.885 423.305
608.904 381.27
608.904 381.27
73.408 643.109
515.331 302.287
515.331 302.287
99.0038 390.584
552.818 381.718
870.91 478.799
42.1967 582.685
74.4172 672.33
1020.09 631.291
820.609 726.707
416.508 534.282
86.0903 386.817
918.75 456.976
626.894 330.431
626.894 330.431
343.593 392.756
992.973 615.848
313.756 385.117
1163.45 379.221
891.857 416.965
1012.07 688.789
309.029 595.926
1018.3 268.072
793.881 655.408
793.881 655.408
440.442 690.427
1145.62 650.362
1145.62 650.362
811.067 359.475
162.39 424.804
1012.54 618.189
1064.37 452.123
714.923 763.16
714.923 763.16
1090.07 591.767
188.442 696.391
86.9011 434.616
86.9011 434.616
86.3406 661.08
350.119 463.314
201.222 309.824
207.585 389.918
154.144 376.174
154.144 376.174
808.69 594.434
742.557 403.588
559.903 755.557
921.749 475.801
1044.53 654.06
1065.39 631.108
327.571 632.62
1025.22 267.938
341.195 582.827
609.602 664.043
739.138 438.079
1096.98 346.771
919.187 525.445
442.156 421.09
601.408 363.19
428.283 719.048
428.283 719.048
1132.58 398.179
764.43 668.342
843.063 754.285
198.213 556.345
198.213 556.345
279.76 625.985
564.83 637.197
95.7437 450.605
1174.37 712.256
736.569 675.364
245.651 400.342
339.013 644.835
581.911 435.268
781.09 661.067
781.09 661.067
510.102 655.028
301.896 423.477
155.655 436.507
232.58 371.368
232.58 371.368
376.449 355.057
347.491 702.714
1110.7 450.69
491.541 253.234
755.741 422.925
410.928 702.373
1107.87 544.555
678.185 403.61
1142.71 454.786
44.6735 491.308
305.328 277.695
597.296 650.093
890.865 721.714
587.457 339.305
456.059 358.036
1116.44 376.451
104.204 720.854
84.9263 501.624
669.717 259.454
468.99 384.002
518.689 424.196
301.275 638.658
719.433 425.797
632.867 598.065
74.9602 637.811
948.016 609.879
281.311 429.742
1040.24 712.614
757.523 671.751
771.445 591.06
792.489 592.729
296.268 525.103
296.268 525.103
141.286 621.074
141.286 621.074
1063.75 726.243
1092.9 601.721
1162.33 652.094
96.6061 680.747
755.187 349.832
886.548 564.475
292.306 387.018
365.313 295.273
806.388 415.82
534.459 259.006
1167.14 367.833
1167.14 367.833
159.825 736.085
468.484 462.633
318.01 396.438
904.813 544.006
544.191 706.774
637.116 482.339
637.116 482.339
637.116 482.339
1087.9 378.732
478.773 341.535
136.147 738.234
268.75 305.621
83.3941 621.372
24.3588 397.728
24.3588 397.728
524.809 380.17
760.739 619.838
760.739 619.838
330.071 352.444
92.0823 484.912
396.144 657.541
890.026 550.559
221.197 324.872
749.163 749.785
283.09 384.096
1046.25 702.679
873.785 551.532
764.116 343.263
892.695 344.002
497.417 692.901
981.213 699.629
981.213 699.629
438.903 429.416
946.335 604.367
689.211 507.923
557.138 375.151
375.717 427.92
849.215 640.278
1024.45 507.987
268.928 369.335
661.142 420.228
723.682 697.094
652.934 344.947
399.412 361.605
871.163 682.449
728.137 364.137
661.641 347.049
651.162 318.272
339.483 575.077
764.077 352.074
831.864 351.145
831.864 351.145
276.842 297.862
214.915 398.303
667.276 497.058
456.794 670.104
878.153 635.951
542.912 286.784
180.29 572.362
465.003 388.425
175.456 662.817
361.274 747.91
970.362 733.88
41.5552 336.98
41.5552 336.98
383.258 690.833
953.7 594.239
124.008 432.671
124.008 432.671
1174.69 375.038
951.629 410.094
505.156 376.833
373.447 726.482
551.121 450.573
1036.54 669.222
513.881 626.377
20.8279 666.799
1165.49 549.233
1137.1 763.872
339.691 715.941
576.301 335.843
533.09 379.519
821.498 529.299
821.498 529.299
821.498 529.299
528.375 411.859
1024.7 494.615
632.134 760.975
162.141 445.347
707.716 279.287
963.923 682.585
963.923 682.585
177.187 629.501
52.1736 672.925
805.985 723.93
1066.11 380.086
1066.11 380.086
617.44 538.28
380.971 327.066
248.953 305.772
248.953 305.772
696.506 408.958
164.875 481.802
251.665 675.192
777.698 389.074
1074.49 449.722
173.207 508.966
490.11 754.167
205.834 438.119
87.058 541.798
87.058 541.798
462.621 446.821
866.266 365.792
866.266 365.792
443.389 672.862
595.105 453.8
559.781 463.103
531.192 668.809
380.22 395.7
509.972 609.14
47.5273 552.828
765.948 689.536
619.751 735.82
678.304 757.662
678.304 757.662
45.2922 382.138
598.982 223.728
424.039 382.544
752.427 628.942
267.845 390.141
302.502 758.514
960.652 432.38
960.652 432.38
490.506 651.694
1084.46 658.933
949.468 381.841
949.468 381.841
714.404 726.727
714.404 726.727
136.874 732.75
136.874 732.75
463.237 542.515
512.587 753.009
814.01 376.621
545.397 652.413
798.243 772.577
1147.53 638.25
282.576 595.086
396.227 677.842
396.227 677.842
219.198 742.559
91.9375 525.172
754.88 508.714
754.88 508.714
304.418 683.955
926.023 361.196
632.921 588.58
345.626 474.324
1157.32 361.316
72.3957 695.467
72.3957 695.467
428.132 360.161
1086.65 592.849
1049.99 273.295
732.603 350.935
848.655 522.168
37.6734 304.928
135.933 682.577
713.599 397.788
713.599 397.788
680.908 361.47